
pos_embedding:
tensor([[[ 1.2193, -1.8901, -1.0540,  ...,  1.4512,  2.0794, -0.1692],
         [-2.2416,  0.6790, -1.1118,  ...,  1.0130, -0.7507, -0.7228],
         [ 0.7143, -0.8169, -0.9009,  ...,  0.6780,  0.0647, -0.6963],
         ...,
         [-1.5301, -0.3815, -1.3027,  ..., -1.1032, -0.6214,  1.4038],
         [-0.0977, -0.0868, -0.3942,  ...,  1.5348, -0.7102, -0.9476],
         [ 0.7694,  0.3635, -0.2098,  ...,  0.0697, -2.1132,  1.0520]]],
       device='cuda:0', requires_grad=True)
(1, 65, 128)

코사인 유사도: 1-코사인 거리
코사인 거리: L2방식 거리

계산 예시)
tensor1 = [1, 0, 5]
tensor2 = [4, 7, 3]

코사인 거리 = (1x4 + 0x7 + 5x3) / 루트(1제곱+0제곱+5제곱) x 루트(4제곱+7제곱+3제곱)
코사인 유사도 = 1 - 코사인 거리


tensor([ 1.0000,  0.0631,  0.0920,  0.1375,  0.1454,  0.1789,  0.1110,  0.0930,
         0.1328,  0.1489,  0.0106, -0.0035,  0.2650, -0.0929,  0.0953,  0.2307,
         0.0520,  0.0619, -0.1015, -0.0200,  0.0721,  0.1857,  0.0931,  0.1552,
         0.1030, -0.0148, -0.0127, -0.0369,  0.0534,  0.1419, -0.0470,  0.0309,
        -0.0022,  0.0228, -0.0951, -0.0157,  0.1218,  0.0244, -0.0596,  0.0102,
         0.0442, -0.1631, -0.0382, -0.0857,  0.0458,  0.0648, -0.0564, -0.0590,
         0.0299, -0.0739, -0.0192, -0.0403, -0.1984, -0.1164,  0.0247, -0.0490,
         0.0532, -0.1536,  0.0138, -0.0952, -0.1416,  0.0968, -0.1017, -0.0567],
       device='cuda:0', grad_fn=<SumBackward1>)
tensor([ 0.0631,  1.0000,  0.1543,  0.1332,  0.2250,  0.1004,  0.1719,  0.0926,
         0.0765,  0.0080,  0.1088,  0.0227,  0.1008,  0.2506,  0.1061,  0.2044,
         0.1284,  0.0114,  0.0310,  0.0426,  0.0449, -0.0372, -0.0746,  0.0890,
        -0.1289, -0.0289, -0.1103,  0.1545, -0.0282, -0.0052,  0.0448,  0.1254,
        -0.0455, -0.0697, -0.2157, -0.2199, -0.0019, -0.0502, -0.0062,  0.0061,
         0.0990, -0.0546, -0.0906, -0.1331, -0.0940, -0.1090,  0.0610, -0.0585,
        -0.0325, -0.0829, -0.0892, -0.2303, -0.0295, -0.0254, -0.0235, -0.1395,
         0.0839, -0.0023, -0.1750, -0.0780, -0.1477,  0.0261, -0.0757, -0.1016],
       device='cuda:0', grad_fn=<SumBackward1>)
tensor([ 9.1998e-02,  1.5431e-01,  1.0000e+00,  1.3457e-01,  2.2329e-01,
         2.7917e-01,  1.5918e-01,  2.0713e-01,  1.6092e-01,  1.3968e-01,
         8.6905e-02,  1.8547e-02,  5.1408e-03,  1.1123e-01,  1.7659e-01,
        -3.1520e-02,  2.4123e-02,  2.3404e-02,  2.8993e-02,  2.6687e-02,
        -9.1035e-02,  1.7144e-02, -8.3086e-02, -2.0724e-02,  1.4992e-01,
        -4.5787e-02, -6.5361e-02, -1.2985e-01, -6.8960e-02,  3.1171e-02,
        -8.1359e-02,  4.1314e-02, -2.1661e-02, -4.7819e-02, -1.0179e-01,
        -1.9809e-01, -2.0419e-01, -2.4417e-02,  9.7473e-02,  5.8199e-02,
        -6.5629e-03,  1.2451e-01, -5.7838e-02, -1.2867e-02, -9.3828e-02,
        -2.1633e-02,  9.0665e-03, -3.8326e-04, -1.2527e-01, -1.1209e-01,
        -2.6071e-02, -4.4909e-02, -3.6674e-02, -8.7049e-02,  6.6787e-02,
        -1.1160e-01,  1.0929e-01, -1.6925e-02, -4.5890e-04, -1.2793e-01,
        -5.9327e-02, -4.3263e-03,  7.1243e-02,  4.3046e-02], device='cuda:0',
       grad_fn=<SumBackward1>)

...(생략)

사이즈 64